576 
0.025000 0.083333 0.166667 
0.025000 0.083333 0.250000 
0.025000 0.083333 0.333333 
0.025000 0.083333 0.416667 
0.025000 0.083333 0.500000 
0.025000 0.083333 0.583333 
0.025000 0.083333 0.666667 
0.025000 0.083333 0.750000 
0.025000 0.083333 0.833333 
0.025000 0.083333 0.916667 
0.025000 0.083333 1.000000 
0.025000 0.166667 0.083333 
0.025000 0.166667 0.166667 
0.025000 0.166667 0.250000 
0.025000 0.166667 0.333333 
0.025000 0.166667 0.416667 
0.025000 0.166667 0.500000 
0.025000 0.166667 0.583333 
0.025000 0.166667 0.666667 
0.025000 0.166667 0.750000 
0.025000 0.166667 0.833333 
0.025000 0.166667 0.916667 
0.025000 0.166667 1.000000 
0.025000 0.250000 0.083333 
0.025000 0.250000 0.166667 
0.025000 0.250000 0.250000 
0.025000 0.250000 0.333333 
0.025000 0.250000 0.416667 
0.025000 0.250000 0.500000 
0.025000 0.250000 0.583333 
0.025000 0.250000 0.666667 
0.025000 0.250000 0.750000 
0.025000 0.250000 0.833333 
0.025000 0.250000 0.916667 
0.025000 0.250000 1.000000 
0.025000 0.333333 0.083333 
0.025000 0.333333 0.166667 
0.025000 0.333333 0.250000 
0.025000 0.333333 0.333333 
0.025000 0.333333 0.416667 
0.025000 0.333333 0.500000 
0.025000 0.333333 0.583333 
0.025000 0.333333 0.666667 
0.025000 0.333333 0.750000 
0.025000 0.333333 0.833333 
0.025000 0.333333 0.916667 
0.025000 0.333333 1.000000 
0.025000 0.416667 0.083333 
0.025000 0.416667 0.166667 
0.025000 0.416667 0.250000 
0.025000 0.416667 0.333333 
0.025000 0.416667 0.416667 
0.025000 0.416667 0.500000 
0.025000 0.416667 0.583333 
0.025000 0.416667 0.666667 
0.025000 0.416667 0.750000 
0.025000 0.416667 0.833333 
0.025000 0.416667 0.916667 
0.025000 0.416667 1.000000 
0.025000 0.500000 0.083333 
0.025000 0.500000 0.166667 
0.025000 0.500000 0.250000 
0.025000 0.500000 0.333333 
0.025000 0.500000 0.416667 
0.025000 0.500000 0.500000 
0.025000 0.500000 0.583333 
0.025000 0.500000 0.666667 
0.025000 0.500000 0.750000 
0.025000 0.500000 0.833333 
0.025000 0.500000 0.916667 
0.025000 0.500000 1.000000 
0.025000 0.583333 0.083333 
0.025000 0.583333 0.166667 
0.025000 0.583333 0.250000 
0.025000 0.583333 0.333333 
0.025000 0.583333 0.416667 
0.025000 0.583333 0.500000 
0.025000 0.583333 0.583333 
0.025000 0.583333 0.666667 
0.025000 0.583333 0.750000 
0.025000 0.583333 0.833333 
0.025000 0.583333 0.916667 
0.025000 0.583333 1.000000 
0.025000 0.666667 0.083333 
0.025000 0.666667 0.166667 
0.025000 0.666667 0.250000 
0.025000 0.666667 0.333333 
0.025000 0.666667 0.416667 
0.025000 0.666667 0.500000 
0.025000 0.666667 0.583333 
0.025000 0.666667 0.666667 
0.025000 0.666667 0.750000 
0.025000 0.666667 0.833333 
0.025000 0.666667 0.916667 
0.025000 0.666667 1.000000 
0.025000 0.750000 0.083333 
0.025000 0.750000 0.166667 
0.025000 0.750000 0.250000 
0.025000 0.750000 0.333333 
0.025000 0.750000 0.416667 
0.025000 0.750000 0.500000 
0.025000 0.750000 0.583333 
0.025000 0.750000 0.666667 
0.025000 0.750000 0.750000 
0.025000 0.750000 0.833333 
0.025000 0.750000 0.916667 
0.025000 0.750000 1.000000 
0.025000 0.833333 0.083333 
0.025000 0.833333 0.166667 
0.025000 0.833333 0.250000 
0.025000 0.833333 0.333333 
0.025000 0.833333 0.416667 
0.025000 0.833333 0.500000 
0.025000 0.833333 0.583333 
0.025000 0.833333 0.666667 
0.025000 0.833333 0.750000 
0.025000 0.833333 0.833333 
0.025000 0.833333 0.916667 
0.025000 0.833333 1.000000 
0.025000 0.916667 0.083333 
0.025000 0.916667 0.166667 
0.025000 0.916667 0.250000 
0.025000 0.916667 0.333333 
0.025000 0.916667 0.416667 
0.025000 0.916667 0.500000 
0.025000 0.916667 0.583333 
0.025000 0.916667 0.666667 
0.025000 0.916667 0.750000 
0.025000 0.916667 0.833333 
0.025000 0.916667 0.916667 
0.025000 0.916667 1.000000 
0.025000 1.000000 0.083333 
0.025000 1.000000 0.166667 
0.025000 1.000000 0.250000 
0.025000 1.000000 0.333333 
0.025000 1.000000 0.416667 
0.025000 1.000000 0.500000 
0.025000 1.000000 0.583333 
0.025000 1.000000 0.666667 
0.025000 1.000000 0.750000 
0.025000 1.000000 0.833333 
0.025000 1.000000 0.916667 
0.025000 1.000000 1.000000 
0.050000 0.083333 0.083333 
0.050000 0.083333 0.166667 
0.050000 0.083333 0.250000 
0.050000 0.083333 0.333333 
0.050000 0.083333 0.416667 
0.050000 0.083333 0.500000 
0.050000 0.083333 0.583333 
0.050000 0.083333 0.666667 
0.050000 0.083333 0.750000 
0.050000 0.083333 0.833333 
0.050000 0.083333 0.916667 
0.050000 0.083333 1.000000 
0.050000 0.166667 0.083333 
0.050000 0.166667 0.166667 
0.050000 0.166667 0.250000 
0.050000 0.166667 0.333333 
0.050000 0.166667 0.416667 
0.050000 0.166667 0.500000 
0.050000 0.166667 0.583333 
0.050000 0.166667 0.666667 
0.050000 0.166667 0.750000 
0.050000 0.166667 0.833333 
0.050000 0.166667 0.916667 
0.050000 0.166667 1.000000 
0.050000 0.250000 0.083333 
0.050000 0.250000 0.166667 
0.050000 0.250000 0.250000 
0.050000 0.250000 0.333333 
0.050000 0.250000 0.416667 
0.050000 0.250000 0.500000 
0.050000 0.250000 0.583333 
0.050000 0.250000 0.666667 
0.050000 0.250000 0.750000 
0.050000 0.250000 0.833333 
0.050000 0.250000 0.916667 
0.050000 0.250000 1.000000 
0.050000 0.333333 0.083333 
0.050000 0.333333 0.166667 
0.050000 0.333333 0.250000 
0.050000 0.333333 0.333333 
0.050000 0.333333 0.416667 
0.050000 0.333333 0.500000 
0.050000 0.333333 0.583333 
0.050000 0.333333 0.666667 
0.050000 0.333333 0.750000 
0.050000 0.333333 0.833333 
0.050000 0.333333 0.916667 
0.050000 0.333333 1.000000 
0.050000 0.416667 0.083333 
0.050000 0.416667 0.166667 
0.050000 0.416667 0.250000 
0.050000 0.416667 0.333333 
0.050000 0.416667 0.416667 
0.050000 0.416667 0.500000 
0.050000 0.416667 0.583333 
0.050000 0.416667 0.666667 
0.050000 0.416667 0.750000 
0.050000 0.416667 0.833333 
0.050000 0.416667 0.916667 
0.050000 0.416667 1.000000 
0.050000 0.500000 0.083333 
0.050000 0.500000 0.166667 
0.050000 0.500000 0.250000 
0.050000 0.500000 0.333333 
0.050000 0.500000 0.416667 
0.050000 0.500000 0.500000 
0.050000 0.500000 0.583333 
0.050000 0.500000 0.666667 
0.050000 0.500000 0.750000 
0.050000 0.500000 0.833333 
0.050000 0.500000 0.916667 
0.050000 0.500000 1.000000 
0.050000 0.583333 0.083333 
0.050000 0.583333 0.166667 
0.050000 0.583333 0.250000 
0.050000 0.583333 0.333333 
0.050000 0.583333 0.416667 
0.050000 0.583333 0.500000 
0.050000 0.583333 0.583333 
0.050000 0.583333 0.666667 
0.050000 0.583333 0.750000 
0.050000 0.583333 0.833333 
0.050000 0.583333 0.916667 
0.050000 0.583333 1.000000 
0.050000 0.666667 0.083333 
0.050000 0.666667 0.166667 
0.050000 0.666667 0.250000 
0.050000 0.666667 0.333333 
0.050000 0.666667 0.416667 
0.050000 0.666667 0.500000 
0.050000 0.666667 0.583333 
0.050000 0.666667 0.666667 
0.050000 0.666667 0.750000 
0.050000 0.666667 0.833333 
0.050000 0.666667 0.916667 
0.050000 0.666667 1.000000 
0.050000 0.750000 0.083333 
0.050000 0.750000 0.166667 
0.050000 0.750000 0.250000 
0.050000 0.750000 0.333333 
0.050000 0.750000 0.416667 
0.050000 0.750000 0.500000 
0.050000 0.750000 0.583333 
0.050000 0.750000 0.666667 
0.050000 0.750000 0.750000 
0.050000 0.750000 0.833333 
0.050000 0.750000 0.916667 
0.050000 0.750000 1.000000 
0.050000 0.833333 0.083333 
0.050000 0.833333 0.166667 
0.050000 0.833333 0.250000 
0.050000 0.833333 0.333333 
0.050000 0.833333 0.416667 
0.050000 0.833333 0.500000 
0.050000 0.833333 0.583333 
0.050000 0.833333 0.666667 
0.050000 0.833333 0.750000 
0.050000 0.833333 0.833333 
0.050000 0.833333 0.916667 
0.050000 0.833333 1.000000 
0.050000 0.916667 0.083333 
0.050000 0.916667 0.166667 
0.050000 0.916667 0.250000 
0.050000 0.916667 0.333333 
0.050000 0.916667 0.416667 
0.050000 0.916667 0.500000 
0.050000 0.916667 0.583333 
0.050000 0.916667 0.666667 
0.050000 0.916667 0.750000 
0.050000 0.916667 0.833333 
0.050000 0.916667 0.916667 
0.050000 0.916667 1.000000 
0.050000 1.000000 0.083333 
0.050000 1.000000 0.166667 
0.050000 1.000000 0.250000 
0.050000 1.000000 0.333333 
0.050000 1.000000 0.416667 
0.050000 1.000000 0.500000 
0.050000 1.000000 0.583333 
0.050000 1.000000 0.666667 
0.050000 1.000000 0.750000 
0.050000 1.000000 0.833333 
0.050000 1.000000 0.916667 
0.050000 1.000000 1.000000 
0.075000 0.083333 0.083333 
0.075000 0.083333 0.166667 
0.075000 0.083333 0.250000 
0.075000 0.083333 0.333333 
0.075000 0.083333 0.416667 
0.075000 0.083333 0.500000 
0.075000 0.083333 0.583333 
0.075000 0.083333 0.666667 
0.075000 0.083333 0.750000 
0.075000 0.083333 0.833333 
0.075000 0.083333 0.916667 
0.075000 0.083333 1.000000 
0.075000 0.166667 0.083333 
0.075000 0.166667 0.166667 
0.075000 0.166667 0.250000 
0.075000 0.166667 0.333333 
0.075000 0.166667 0.416667 
0.075000 0.166667 0.500000 
0.075000 0.166667 0.583333 
0.075000 0.166667 0.666667 
0.075000 0.166667 0.750000 
0.075000 0.166667 0.833333 
0.075000 0.166667 0.916667 
0.075000 0.166667 1.000000 
0.075000 0.250000 0.083333 
0.075000 0.250000 0.166667 
0.075000 0.250000 0.250000 
0.075000 0.250000 0.333333 
0.075000 0.250000 0.416667 
0.075000 0.250000 0.500000 
0.075000 0.250000 0.583333 
0.075000 0.250000 0.666667 
0.075000 0.250000 0.750000 
0.075000 0.250000 0.833333 
0.075000 0.250000 0.916667 
0.075000 0.250000 1.000000 
0.075000 0.333333 0.083333 
0.075000 0.333333 0.166667 
0.075000 0.333333 0.250000 
0.075000 0.333333 0.333333 
0.075000 0.333333 0.416667 
0.075000 0.333333 0.500000 
0.075000 0.333333 0.583333 
0.075000 0.333333 0.666667 
0.075000 0.333333 0.750000 
0.075000 0.333333 0.833333 
0.075000 0.333333 0.916667 
0.075000 0.333333 1.000000 
0.075000 0.416667 0.083333 
0.075000 0.416667 0.166667 
0.075000 0.416667 0.250000 
0.075000 0.416667 0.333333 
0.075000 0.416667 0.416667 
0.075000 0.416667 0.500000 
0.075000 0.416667 0.583333 
0.075000 0.416667 0.666667 
0.075000 0.416667 0.750000 
0.075000 0.416667 0.833333 
0.075000 0.416667 0.916667 
0.075000 0.416667 1.000000 
0.075000 0.500000 0.083333 
0.075000 0.500000 0.166667 
0.075000 0.500000 0.250000 
0.075000 0.500000 0.333333 
0.075000 0.500000 0.416667 
0.075000 0.500000 0.500000 
0.075000 0.500000 0.583333 
0.075000 0.500000 0.666667 
0.075000 0.500000 0.750000 
0.075000 0.500000 0.833333 
0.075000 0.500000 0.916667 
0.075000 0.500000 1.000000 
0.075000 0.583333 0.083333 
0.075000 0.583333 0.166667 
0.075000 0.583333 0.250000 
0.075000 0.583333 0.333333 
0.075000 0.583333 0.416667 
0.075000 0.583333 0.500000 
0.075000 0.583333 0.583333 
0.075000 0.583333 0.666667 
0.075000 0.583333 0.750000 
0.075000 0.583333 0.833333 
0.075000 0.583333 0.916667 
0.075000 0.583333 1.000000 
0.075000 0.666667 0.083333 
0.075000 0.666667 0.166667 
0.075000 0.666667 0.250000 
0.075000 0.666667 0.333333 
0.075000 0.666667 0.416667 
0.075000 0.666667 0.500000 
0.075000 0.666667 0.583333 
0.075000 0.666667 0.666667 
0.075000 0.666667 0.750000 
0.075000 0.666667 0.833333 
0.075000 0.666667 0.916667 
0.075000 0.666667 1.000000 
0.075000 0.750000 0.083333 
0.075000 0.750000 0.166667 
0.075000 0.750000 0.250000 
0.075000 0.750000 0.333333 
0.075000 0.750000 0.416667 
0.075000 0.750000 0.500000 
0.075000 0.750000 0.583333 
0.075000 0.750000 0.666667 
0.075000 0.750000 0.750000 
0.075000 0.750000 0.833333 
0.075000 0.750000 0.916667 
0.075000 0.750000 1.000000 
0.075000 0.833333 0.083333 
0.075000 0.833333 0.166667 
0.075000 0.833333 0.250000 
0.075000 0.833333 0.333333 
0.075000 0.833333 0.416667 
0.075000 0.833333 0.500000 
0.075000 0.833333 0.583333 
0.075000 0.833333 0.666667 
0.075000 0.833333 0.750000 
0.075000 0.833333 0.833333 
0.075000 0.833333 0.916667 
0.075000 0.833333 1.000000 
0.075000 0.916667 0.083333 
0.075000 0.916667 0.166667 
0.075000 0.916667 0.250000 
0.075000 0.916667 0.333333 
0.075000 0.916667 0.416667 
0.075000 0.916667 0.500000 
0.075000 0.916667 0.583333 
0.075000 0.916667 0.666667 
0.075000 0.916667 0.750000 
0.075000 0.916667 0.833333 
0.075000 0.916667 0.916667 
0.075000 0.916667 1.000000 
0.075000 1.000000 0.083333 
0.075000 1.000000 0.166667 
0.075000 1.000000 0.250000 
0.075000 1.000000 0.333333 
0.075000 1.000000 0.416667 
0.075000 1.000000 0.500000 
0.075000 1.000000 0.583333 
0.075000 1.000000 0.666667 
0.075000 1.000000 0.750000 
0.075000 1.000000 0.833333 
0.075000 1.000000 0.916667 
0.075000 1.000000 1.000000 
0.100000 0.083333 0.083333 
0.100000 0.083333 0.166667 
0.100000 0.083333 0.250000 
0.100000 0.083333 0.333333 
0.100000 0.083333 0.416667 
0.100000 0.083333 0.500000 
0.100000 0.083333 0.583333 
0.100000 0.083333 0.666667 
0.100000 0.083333 0.750000 
0.100000 0.083333 0.833333 
0.100000 0.083333 0.916667 
0.100000 0.083333 1.000000 
0.100000 0.166667 0.083333 
0.100000 0.166667 0.166667 
0.100000 0.166667 0.250000 
0.100000 0.166667 0.333333 
0.100000 0.166667 0.416667 
0.100000 0.166667 0.500000 
0.100000 0.166667 0.583333 
0.100000 0.166667 0.666667 
0.100000 0.166667 0.750000 
0.100000 0.166667 0.833333 
0.100000 0.166667 0.916667 
0.100000 0.166667 1.000000 
0.100000 0.250000 0.083333 
0.100000 0.250000 0.166667 
0.100000 0.250000 0.250000 
0.100000 0.250000 0.333333 
0.100000 0.250000 0.416667 
0.100000 0.250000 0.500000 
0.100000 0.250000 0.583333 
0.100000 0.250000 0.666667 
0.100000 0.250000 0.750000 
0.100000 0.250000 0.833333 
0.100000 0.250000 0.916667 
0.100000 0.250000 1.000000 
0.100000 0.333333 0.083333 
0.100000 0.333333 0.166667 
0.100000 0.333333 0.250000 
0.100000 0.333333 0.333333 
0.100000 0.333333 0.416667 
0.100000 0.333333 0.500000 
0.100000 0.333333 0.583333 
0.100000 0.333333 0.666667 
0.100000 0.333333 0.750000 
0.100000 0.333333 0.833333 
0.100000 0.333333 0.916667 
0.100000 0.333333 1.000000 
0.100000 0.416667 0.083333 
0.100000 0.416667 0.166667 
0.100000 0.416667 0.250000 
0.100000 0.416667 0.333333 
0.100000 0.416667 0.416667 
0.100000 0.416667 0.500000 
0.100000 0.416667 0.583333 
0.100000 0.416667 0.666667 
0.100000 0.416667 0.750000 
0.100000 0.416667 0.833333 
0.100000 0.416667 0.916667 
0.100000 0.416667 1.000000 
0.100000 0.500000 0.083333 
0.100000 0.500000 0.166667 
0.100000 0.500000 0.250000 
0.100000 0.500000 0.333333 
0.100000 0.500000 0.416667 
0.100000 0.500000 0.500000 
0.100000 0.500000 0.583333 
0.100000 0.500000 0.666667 
0.100000 0.500000 0.750000 
0.100000 0.500000 0.833333 
0.100000 0.500000 0.916667 
0.100000 0.500000 1.000000 
0.100000 0.583333 0.083333 
0.100000 0.583333 0.166667 
0.100000 0.583333 0.250000 
0.100000 0.583333 0.333333 
0.100000 0.583333 0.416667 
0.100000 0.583333 0.500000 
0.100000 0.583333 0.583333 
0.100000 0.583333 0.666667 
0.100000 0.583333 0.750000 
0.100000 0.583333 0.833333 
0.100000 0.583333 0.916667 
0.100000 0.583333 1.000000 
0.100000 0.666667 0.083333 
0.100000 0.666667 0.166667 
0.100000 0.666667 0.250000 
0.100000 0.666667 0.333333 
0.100000 0.666667 0.416667 
0.100000 0.666667 0.500000 
0.100000 0.666667 0.583333 
0.100000 0.666667 0.666667 
0.100000 0.666667 0.750000 
0.100000 0.666667 0.833333 
0.100000 0.666667 0.916667 
0.100000 0.666667 1.000000 
0.100000 0.750000 0.083333 
0.100000 0.750000 0.166667 
0.100000 0.750000 0.250000 
0.100000 0.750000 0.333333 
0.100000 0.750000 0.416667 
0.100000 0.750000 0.500000 
0.100000 0.750000 0.583333 
0.100000 0.750000 0.666667 
0.100000 0.750000 0.750000 
0.100000 0.750000 0.833333 
0.100000 0.750000 0.916667 
0.100000 0.750000 1.000000 
0.100000 0.833333 0.083333 
0.100000 0.833333 0.166667 
0.100000 0.833333 0.250000 
0.100000 0.833333 0.333333 
0.100000 0.833333 0.416667 
0.100000 0.833333 0.500000 
0.100000 0.833333 0.583333 
0.100000 0.833333 0.666667 
0.100000 0.833333 0.750000 
0.100000 0.833333 0.833333 
0.100000 0.833333 0.916667 
0.100000 0.833333 1.000000 
0.100000 0.916667 0.083333 
0.100000 0.916667 0.166667 
0.100000 0.916667 0.250000 
0.100000 0.916667 0.333333 
0.100000 0.916667 0.416667 
0.100000 0.916667 0.500000 
0.100000 0.916667 0.583333 
0.100000 0.916667 0.666667 
0.100000 0.916667 0.750000 
0.100000 0.916667 0.833333 
0.100000 0.916667 0.916667 
0.100000 0.916667 1.000000 
0.100000 1.000000 0.083333 
0.100000 1.000000 0.166667 
0.100000 1.000000 0.250000 
0.100000 1.000000 0.333333 
0.100000 1.000000 0.416667 
0.100000 1.000000 0.500000 
0.100000 1.000000 0.583333 
0.100000 1.000000 0.666667 
0.100000 1.000000 0.750000 
0.100000 1.000000 0.833333 
0.100000 1.000000 0.916667 
0.100000 1.000000 1.000000 
