500 
0.018000 0.009800 
0.018000 0.019600 
0.018000 0.029400 
0.018000 0.039200 
0.018000 0.049000 
0.018000 0.058800 
0.018000 0.068600 
0.018000 0.078400 
0.018000 0.088200 
0.018000 0.098000 
0.018000 0.107800 
0.018000 0.117600 
0.018000 0.127400 
0.018000 0.137200 
0.018000 0.147000 
0.018000 0.156800 
0.018000 0.166600 
0.018000 0.176400 
0.018000 0.186200 
0.018000 0.196000 
0.018000 0.205800 
0.018000 0.215600 
0.018000 0.225400 
0.018000 0.235200 
0.018000 0.245000 
0.018000 0.254800 
0.018000 0.264600 
0.018000 0.274400 
0.018000 0.284200 
0.018000 0.294000 
0.018000 0.303800 
0.018000 0.313600 
0.018000 0.323400 
0.018000 0.333200 
0.018000 0.343000 
0.018000 0.352800 
0.018000 0.362600 
0.018000 0.372400 
0.018000 0.382200 
0.018000 0.392000 
0.018000 0.401800 
0.018000 0.411600 
0.018000 0.421400 
0.018000 0.431200 
0.018000 0.441000 
0.018000 0.450800 
0.018000 0.460600 
0.018000 0.470400 
0.018000 0.480200 
0.018000 0.490000 
0.018000 0.499800 
0.018000 0.509600 
0.018000 0.519400 
0.018000 0.529200 
0.018000 0.539000 
0.018000 0.548800 
0.018000 0.558600 
0.018000 0.568400 
0.018000 0.578200 
0.018000 0.588000 
0.018000 0.597800 
0.018000 0.607600 
0.018000 0.617400 
0.018000 0.627200 
0.018000 0.637000 
0.018000 0.646800 
0.018000 0.656600 
0.018000 0.666400 
0.018000 0.676200 
0.018000 0.686000 
0.018000 0.695800 
0.018000 0.705600 
0.018000 0.715400 
0.018000 0.725200 
0.018000 0.735000 
0.018000 0.744800 
0.018000 0.754600 
0.018000 0.764400 
0.018000 0.774200 
0.018000 0.784000 
0.018000 0.793800 
0.018000 0.803600 
0.018000 0.813400 
0.018000 0.823200 
0.018000 0.833000 
0.018000 0.842800 
0.018000 0.852600 
0.018000 0.862400 
0.018000 0.872200 
0.018000 0.882000 
0.018000 0.891800 
0.018000 0.901600 
0.018000 0.911400 
0.018000 0.921200 
0.018000 0.931000 
0.018000 0.940800 
0.018000 0.950600 
0.018000 0.960400 
0.018000 0.970200 
0.018000 0.980000 
0.036000 0.009800 
0.036000 0.019600 
0.036000 0.029400 
0.036000 0.039200 
0.036000 0.049000 
0.036000 0.058800 
0.036000 0.068600 
0.036000 0.078400 
0.036000 0.088200 
0.036000 0.098000 
0.036000 0.107800 
0.036000 0.117600 
0.036000 0.127400 
0.036000 0.137200 
0.036000 0.147000 
0.036000 0.156800 
0.036000 0.166600 
0.036000 0.176400 
0.036000 0.186200 
0.036000 0.196000 
0.036000 0.205800 
0.036000 0.215600 
0.036000 0.225400 
0.036000 0.235200 
0.036000 0.245000 
0.036000 0.254800 
0.036000 0.264600 
0.036000 0.274400 
0.036000 0.284200 
0.036000 0.294000 
0.036000 0.303800 
0.036000 0.313600 
0.036000 0.323400 
0.036000 0.333200 
0.036000 0.343000 
0.036000 0.352800 
0.036000 0.362600 
0.036000 0.372400 
0.036000 0.382200 
0.036000 0.392000 
0.036000 0.401800 
0.036000 0.411600 
0.036000 0.421400 
0.036000 0.431200 
0.036000 0.441000 
0.036000 0.450800 
0.036000 0.460600 
0.036000 0.470400 
0.036000 0.480200 
0.036000 0.490000 
0.036000 0.499800 
0.036000 0.509600 
0.036000 0.519400 
0.036000 0.529200 
0.036000 0.539000 
0.036000 0.548800 
0.036000 0.558600 
0.036000 0.568400 
0.036000 0.578200 
0.036000 0.588000 
0.036000 0.597800 
0.036000 0.607600 
0.036000 0.617400 
0.036000 0.627200 
0.036000 0.637000 
0.036000 0.646800 
0.036000 0.656600 
0.036000 0.666400 
0.036000 0.676200 
0.036000 0.686000 
0.036000 0.695800 
0.036000 0.705600 
0.036000 0.715400 
0.036000 0.725200 
0.036000 0.735000 
0.036000 0.744800 
0.036000 0.754600 
0.036000 0.764400 
0.036000 0.774200 
0.036000 0.784000 
0.036000 0.793800 
0.036000 0.803600 
0.036000 0.813400 
0.036000 0.823200 
0.036000 0.833000 
0.036000 0.842800 
0.036000 0.852600 
0.036000 0.862400 
0.036000 0.872200 
0.036000 0.882000 
0.036000 0.891800 
0.036000 0.901600 
0.036000 0.911400 
0.036000 0.921200 
0.036000 0.931000 
0.036000 0.940800 
0.036000 0.950600 
0.036000 0.960400 
0.036000 0.970200 
0.036000 0.980000 
0.054000 0.009800 
0.054000 0.019600 
0.054000 0.029400 
0.054000 0.039200 
0.054000 0.049000 
0.054000 0.058800 
0.054000 0.068600 
0.054000 0.078400 
0.054000 0.088200 
0.054000 0.098000 
0.054000 0.107800 
0.054000 0.117600 
0.054000 0.127400 
0.054000 0.137200 
0.054000 0.147000 
0.054000 0.156800 
0.054000 0.166600 
0.054000 0.176400 
0.054000 0.186200 
0.054000 0.196000 
0.054000 0.205800 
0.054000 0.215600 
0.054000 0.225400 
0.054000 0.235200 
0.054000 0.245000 
0.054000 0.254800 
0.054000 0.264600 
0.054000 0.274400 
0.054000 0.284200 
0.054000 0.294000 
0.054000 0.303800 
0.054000 0.313600 
0.054000 0.323400 
0.054000 0.333200 
0.054000 0.343000 
0.054000 0.352800 
0.054000 0.362600 
0.054000 0.372400 
0.054000 0.382200 
0.054000 0.392000 
0.054000 0.401800 
0.054000 0.411600 
0.054000 0.421400 
0.054000 0.431200 
0.054000 0.441000 
0.054000 0.450800 
0.054000 0.460600 
0.054000 0.470400 
0.054000 0.480200 
0.054000 0.490000 
0.054000 0.499800 
0.054000 0.509600 
0.054000 0.519400 
0.054000 0.529200 
0.054000 0.539000 
0.054000 0.548800 
0.054000 0.558600 
0.054000 0.568400 
0.054000 0.578200 
0.054000 0.588000 
0.054000 0.597800 
0.054000 0.607600 
0.054000 0.617400 
0.054000 0.627200 
0.054000 0.637000 
0.054000 0.646800 
0.054000 0.656600 
0.054000 0.666400 
0.054000 0.676200 
0.054000 0.686000 
0.054000 0.695800 
0.054000 0.705600 
0.054000 0.715400 
0.054000 0.725200 
0.054000 0.735000 
0.054000 0.744800 
0.054000 0.754600 
0.054000 0.764400 
0.054000 0.774200 
0.054000 0.784000 
0.054000 0.793800 
0.054000 0.803600 
0.054000 0.813400 
0.054000 0.823200 
0.054000 0.833000 
0.054000 0.842800 
0.054000 0.852600 
0.054000 0.862400 
0.054000 0.872200 
0.054000 0.882000 
0.054000 0.891800 
0.054000 0.901600 
0.054000 0.911400 
0.054000 0.921200 
0.054000 0.931000 
0.054000 0.940800 
0.054000 0.950600 
0.054000 0.960400 
0.054000 0.970200 
0.054000 0.980000 
0.072000 0.009800 
0.072000 0.019600 
0.072000 0.029400 
0.072000 0.039200 
0.072000 0.049000 
0.072000 0.058800 
0.072000 0.068600 
0.072000 0.078400 
0.072000 0.088200 
0.072000 0.098000 
0.072000 0.107800 
0.072000 0.117600 
0.072000 0.127400 
0.072000 0.137200 
0.072000 0.147000 
0.072000 0.156800 
0.072000 0.166600 
0.072000 0.176400 
0.072000 0.186200 
0.072000 0.196000 
0.072000 0.205800 
0.072000 0.215600 
0.072000 0.225400 
0.072000 0.235200 
0.072000 0.245000 
0.072000 0.254800 
0.072000 0.264600 
0.072000 0.274400 
0.072000 0.284200 
0.072000 0.294000 
0.072000 0.303800 
0.072000 0.313600 
0.072000 0.323400 
0.072000 0.333200 
0.072000 0.343000 
0.072000 0.352800 
0.072000 0.362600 
0.072000 0.372400 
0.072000 0.382200 
0.072000 0.392000 
0.072000 0.401800 
0.072000 0.411600 
0.072000 0.421400 
0.072000 0.431200 
0.072000 0.441000 
0.072000 0.450800 
0.072000 0.460600 
0.072000 0.470400 
0.072000 0.480200 
0.072000 0.490000 
0.072000 0.499800 
0.072000 0.509600 
0.072000 0.519400 
0.072000 0.529200 
0.072000 0.539000 
0.072000 0.548800 
0.072000 0.558600 
0.072000 0.568400 
0.072000 0.578200 
0.072000 0.588000 
0.072000 0.597800 
0.072000 0.607600 
0.072000 0.617400 
0.072000 0.627200 
0.072000 0.637000 
0.072000 0.646800 
0.072000 0.656600 
0.072000 0.666400 
0.072000 0.676200 
0.072000 0.686000 
0.072000 0.695800 
0.072000 0.705600 
0.072000 0.715400 
0.072000 0.725200 
0.072000 0.735000 
0.072000 0.744800 
0.072000 0.754600 
0.072000 0.764400 
0.072000 0.774200 
0.072000 0.784000 
0.072000 0.793800 
0.072000 0.803600 
0.072000 0.813400 
0.072000 0.823200 
0.072000 0.833000 
0.072000 0.842800 
0.072000 0.852600 
0.072000 0.862400 
0.072000 0.872200 
0.072000 0.882000 
0.072000 0.891800 
0.072000 0.901600 
0.072000 0.911400 
0.072000 0.921200 
0.072000 0.931000 
0.072000 0.940800 
0.072000 0.950600 
0.072000 0.960400 
0.072000 0.970200 
0.072000 0.980000 
0.090000 0.009800 
0.090000 0.019600 
0.090000 0.029400 
0.090000 0.039200 
0.090000 0.049000 
0.090000 0.058800 
0.090000 0.068600 
0.090000 0.078400 
0.090000 0.088200 
0.090000 0.098000 
0.090000 0.107800 
0.090000 0.117600 
0.090000 0.127400 
0.090000 0.137200 
0.090000 0.147000 
0.090000 0.156800 
0.090000 0.166600 
0.090000 0.176400 
0.090000 0.186200 
0.090000 0.196000 
0.090000 0.205800 
0.090000 0.215600 
0.090000 0.225400 
0.090000 0.235200 
0.090000 0.245000 
0.090000 0.254800 
0.090000 0.264600 
0.090000 0.274400 
0.090000 0.284200 
0.090000 0.294000 
0.090000 0.303800 
0.090000 0.313600 
0.090000 0.323400 
0.090000 0.333200 
0.090000 0.343000 
0.090000 0.352800 
0.090000 0.362600 
0.090000 0.372400 
0.090000 0.382200 
0.090000 0.392000 
0.090000 0.401800 
0.090000 0.411600 
0.090000 0.421400 
0.090000 0.431200 
0.090000 0.441000 
0.090000 0.450800 
0.090000 0.460600 
0.090000 0.470400 
0.090000 0.480200 
0.090000 0.490000 
0.090000 0.499800 
0.090000 0.509600 
0.090000 0.519400 
0.090000 0.529200 
0.090000 0.539000 
0.090000 0.548800 
0.090000 0.558600 
0.090000 0.568400 
0.090000 0.578200 
0.090000 0.588000 
0.090000 0.597800 
0.090000 0.607600 
0.090000 0.617400 
0.090000 0.627200 
0.090000 0.637000 
0.090000 0.646800 
0.090000 0.656600 
0.090000 0.666400 
0.090000 0.676200 
0.090000 0.686000 
0.090000 0.695800 
0.090000 0.705600 
0.090000 0.715400 
0.090000 0.725200 
0.090000 0.735000 
0.090000 0.744800 
0.090000 0.754600 
0.090000 0.764400 
0.090000 0.774200 
0.090000 0.784000 
0.090000 0.793800 
0.090000 0.803600 
0.090000 0.813400 
0.090000 0.823200 
0.090000 0.833000 
0.090000 0.842800 
0.090000 0.852600 
0.090000 0.862400 
0.090000 0.872200 
0.090000 0.882000 
0.090000 0.891800 
0.090000 0.901600 
0.090000 0.911400 
0.090000 0.921200 
0.090000 0.931000 
0.090000 0.940800 
0.090000 0.950600 
0.090000 0.960400 
0.090000 0.970200 
0.090000 0.980000 
