1
1
1
0
(16 0
((0,0) (63,63) (0,0))
((192,0) (255,63) (0,0))
((128,0) (191,63) (0,0))
((64,0) (127,63) (0,0))
((0,192) (63,255) (0,0))
((0,128) (63,191) (0,0))
((0,64) (63,127) (0,0))
((192,192) (255,255) (0,0))
((192,128) (255,191) (0,0))
((192,64) (255,127) (0,0))
((128,192) (191,255) (0,0))
((128,128) (191,191) (0,0))
((128,64) (191,127) (0,0))
((64,192) (127,255) (0,0))
((64,128) (127,191) (0,0))
((64,64) (127,127) (0,0))
)
16
FabOnDisk: Cell_D_00000 0
FabOnDisk: Cell_D_00000 32850
FabOnDisk: Cell_D_00000 65703
FabOnDisk: Cell_D_00000 98556
FabOnDisk: Cell_D_00000 131408
FabOnDisk: Cell_D_00000 164261
FabOnDisk: Cell_D_00000 197114
FabOnDisk: Cell_D_00000 229966
FabOnDisk: Cell_D_00000 262822
FabOnDisk: Cell_D_00000 295678
FabOnDisk: Cell_D_00000 328533
FabOnDisk: Cell_D_00000 361389
FabOnDisk: Cell_D_00000 394245
FabOnDisk: Cell_D_00000 427100
FabOnDisk: Cell_D_00000 459955
FabOnDisk: Cell_D_00000 492810

16,1
9.8402874699335902e-06,
9.7816890155412383e-06,
8.3833190954421195e-08,
8.4709126139924921e-08,
9.6959065851813155e-03,
9.5014664222942413e-03,
9.6167390854555148e-06,
9.6381679122451575e-03,
9.4448856314882160e-03,
9.5594718512995771e-06,
8.2603154706131893e-05,
8.0946644227720981e-05,
8.1928696348875931e-08,
8.3466237797887938e-05,
8.1792419188930128e-05,
8.2784732329582535e-08,

16,1
5.3122813801763764e-02,
5.3136097441558963e-02,
8.4201564236441283e-03,
8.4817016530247258e-03,
6.8183421541195344e-01,
6.8199999852925020e-01,
5.1955282488565714e-02,
6.8200471165395249e-01,
6.8217053622619062e-01,
5.1968274180997684e-02,
1.0807316740008040e-01,
1.0809944461847577e-01,
8.2350985251051813e-03,
1.0886310377927236e-01,
1.0888957306505362e-01,
8.2952911156224159e-03,

